CFE data is compiled for the convenience of site visitors and is furnished without responsibility for accuracy and is accepted by the site visitor on the condition that transmission or omissions shall not be made the basis for any claim demand or cause for action. The information and data was obtained from sources believed to be reliable but accuracy is not guaranteed. Your use of CFE data is subject to the Terms and Conditions of CBOE's Websites.
Trade Date,Futures,Open,High,Low,Close,Settle,Change,Total Volume,EFP,Open Interest
03/25/2013,Z (Dec 13),19.48,19.60,19.45,19.48,19.40,19.40,1,0,1
03/26/2013,Z (Dec 13),19.50,19.50,19.10,19.35,19.30,-0.10,309,0,229
03/27/2013,Z (Dec 13),19.45,19.60,19.33,19.40,19.45,0.15,176,0,339
03/28/2013,Z (Dec 13),19.45,19.50,19.39,19.50,19.45,0.00,75,0,356
04/01/2013,Z (Dec 13),19.45,19.55,19.40,19.55,19.55,0.10,86,0,401
04/02/2013,Z (Dec 13),19.40,19.45,19.23,19.35,19.35,-0.20,555,0,731
04/03/2013,Z (Dec 13),19.36,19.50,19.30,19.45,19.50,0.15,285,0,864
04/04/2013,Z (Dec 13),19.45,19.65,19.34,19.40,19.45,-0.05,308,0,984
04/05/2013,Z (Dec 13),19.70,19.90,19.45,19.50,19.50,0.05,313,0,1107
04/08/2013,Z (Dec 13),19.40,19.40,19.20,19.20,19.20,-0.30,85,0,1152
04/09/2013,Z (Dec 13),19.20,19.25,19.10,19.15,19.15,-0.05,162,0,1197
04/10/2013,Z (Dec 13),19.03,19.03,18.79,18.90,18.90,-0.25,86,0,1211
04/11/2013,Z (Dec 13),18.75,19.01,18.70,18.95,19.00,0.10,86,0,1209
04/12/2013,Z (Dec 13),18.99,19.10,18.85,18.85,18.80,-0.20,83,0,1222
04/15/2013,Z (Dec 13),18.88,19.93,18.74,19.62,19.60,0.80,157,0,1246
04/16/2013,Z (Dec 13),19.25,19.25,18.79,18.94,18.95,-0.65,295,0,1392
04/17/2013,Z (Dec 13),19.20,19.40,18.95,19.05,19.05,0.10,740,0,1792
04/18/2013,Z (Dec 13),18.90,19.53,18.90,19.40,19.40,0.35,1028,0,2196
04/19/2013,Z (Dec 13),19.20,19.55,19.05,19.55,19.50,0.10,1324,0,2413
04/22/2013,Z (Dec 13),19.40,19.49,19.05,19.10,19.15,-0.35,835,0,2605
04/23/2013,Z (Dec 13),18.95,19.70,18.65,18.65,18.65,-0.50,764,0,2713
04/24/2013,Z (Dec 13),18.70,18.70,18.45,18.54,18.60,-0.05,472,0,2977
04/25/2013,Z (Dec 13),18.45,18.62,18.33,18.60,18.60,0.00,347,0,3092
04/26/2013,Z (Dec 13),18.65,18.76,18.46,18.60,18.60,0.00,875,0,3360
04/29/2013,Z (Dec 13),18.35,18.46,18.13,18.45,18.45,-0.15,1078,0,3711
04/30/2013,Z (Dec 13),18.45,18.54,18.20,18.30,18.30,-0.15,884,0,4113
05/01/2013,Z (Dec 13),18.25,18.65,18.25,18.60,18.60,0.30,1127,0,4603
05/02/2013,Z (Dec 13),18.45,18.61,18.27,18.45,18.45,-0.15,759,0,4955
05/03/2013,Z (Dec 13),18.45,18.45,18.20,18.20,18.25,-0.20,710,0,5142
05/06/2013,Z (Dec 13),18.25,18.32,17.96,18.00,18.00,-0.25,239,0,5203
05/07/2013,Z (Dec 13),17.95,17.95,17.77,17.82,17.80,-0.20,652,0,5487
05/08/2013,Z (Dec 13),17.80,18.00,17.77,17.90,17.95,0.15,377,0,5649
05/09/2013,Z (Dec 13),18.05,18.25,17.90,18.05,18.10,0.15,384,0,5762
05/10/2013,Z (Dec 13),18.07,18.40,18.03,18.30,18.25,0.15,792,0,6004
05/13/2013,Z (Dec 13),18.35,18.45,18.24,18.33,18.35,0.10,515,0,6221
05/14/2013,Z (Dec 13),18.30,18.35,18.20,18.25,18.25,-0.10,348,0,6379
05/15/2013,Z (Dec 13),18.35,18.46,18.29,18.40,18.40,0.15,519,0,6544
05/16/2013,Z (Dec 13),18.35,18.61,18.33,18.61,18.60,0.20,562,0,6642
05/17/2013,Z (Dec 13),18.55,18.64,18.40,18.45,18.45,-0.15,1024,0,7059
05/20/2013,Z (Dec 13),18.50,18.65,18.39,18.65,18.65,0.20,587,0,7161
05/21/2013,Z (Dec 13),18.65,19.02,18.57,19.00,19.00,0.35,1146,0,7326
05/22/2013,Z (Dec 13),18.95,19.06,18.69,18.83,18.85,-0.15,2229,0,7784
05/23/2013,Z (Dec 13),19.20,19.45,18.80,19.04,19.05,0.20,2096,3,8027
05/24/2013,Z (Dec 13),19.07,19.15,18.94,18.98,19.00,-0.05,1623,3,8485
05/28/2013,Z (Dec 13),18.85,19.10,18.80,18.87,18.90,-0.10,1370,2,8892
05/29/2013,Z (Dec 13),19.10,19.10,18.65,18.87,18.90,0.00,2700,9,9042
05/30/2013,Z (Dec 13),18.85,19.06,18.75,18.93,18.95,0.05,2061,29,9454
05/31/2013,Z (Dec 13),19.10,19.29,18.80,19.28,19.30,0.35,2206,0,9410
06/03/2013,Z (Dec 13),19.10,19.57,19.10,19.38,19.40,0.10,3314,0,10486
06/04/2013,Z (Dec 13),19.40,19.55,19.25,19.43,19.45,0.05,2494,0,11103
06/05/2013,Z (Dec 13),19.56,19.80,19.40,19.63,19.65,0.20,3704,196,12006
06/06/2013,Z (Dec 13),19.55,20.04,19.40,19.51,19.55,-0.10,4198,33,12929
06/07/2013,Z (Dec 13),19.50,19.62,19.15,19.42,19.45,-0.10,2260,0,13145
06/10/2013,Z (Dec 13),19.30,19.35,19.10,19.18,19.20,-0.25,1729,0,13524
06/11/2013,Z (Dec 13),19.45,19.80,19.25,19.68,19.70,0.50,2766,34,14218
06/12/2013,Z (Dec 13),19.51,20.25,19.39,20.24,20.25,0.55,5925,238,16264
06/13/2013,Z (Dec 13),20.27,20.28,19.70,19.83,19.85,-0.40,3200,19,17182
06/14/2013,Z (Dec 13),19.85,20.35,19.65,20.33,20.35,0.50,3910,21,17806
06/17/2013,Z (Dec 13),20.10,20.27,19.90,20.19,20.20,-0.15,4104,11,19058
06/18/2013,Z (Dec 13),20.15,20.20,19.98,20.18,20.20,0.00,4807,0,21374
06/19/2013,Z (Dec 13),20.15,20.28,19.50,20.13,20.15,-0.05,5554,81,22122
06/20/2013,Z (Dec 13),20.30,21.25,20.25,20.85,20.85,0.70,8979,0,22013
06/21/2013,Z (Dec 13),20.50,21.22,20.25,20.81,20.85,0.00,6725,115,23306
06/24/2013,Z (Dec 13),21.15,21.60,21.04,21.33,21.35,0.50,7312,0,23357
06/25/2013,Z (Dec 13),21.08,21.45,20.87,21.27,21.30,-0.05,4370,34,22866
06/26/2013,Z (Dec 13),21.05,21.45,21.05,21.38,21.40,0.10,4391,0,23886
06/27/2013,Z (Dec 13),21.20,21.25,20.90,21.03,21.05,-0.35,5376,0,23171
06/28/2013,Z (Dec 13),20.89,21.21,20.69,20.98,21.00,-0.05,4082,34,22876
07/01/2013,Z (Dec 13),20.87,20.87,20.40,20.57,20.60,-0.40,4541,12,22431
07/02/2013,Z (Dec 13),20.60,20.85,20.44,20.81,20.85,0.25,3388,0,22741
07/03/2013,Z (Dec 13),20.84,21.00,20.55,20.71,20.75,-0.10,2981,23,22181
07/05/2013,Z (Dec 13),20.54,20.70,20.30,20.39,20.40,-0.35,4496,0,23430
07/08/2013,Z (Dec 13),20.30,20.30,19.60,19.69,19.70,-0.70,6341,34,23537
07/09/2013,Z (Dec 13),19.60,19.65,19.20,19.52,19.55,-0.15,5674,22,24259
07/10/2013,Z (Dec 13),19.50,19.53,19.05,19.05,19.10,-0.45,3759,0,23702
07/11/2013,Z (Dec 13),18.80,18.95,18.70,18.89,18.90,-0.20,5549,11,24274
07/12/2013,Z (Dec 13),18.78,19.10,18.70,18.97,19.00,0.10,5184,45,24890
07/15/2013,Z (Dec 13),18.93,18.93,18.60,18.70,18.70,-0.30,4897,0,24974
07/16/2013,Z (Dec 13),18.66,19.35,18.55,19.34,19.35,0.65,9802,0,27891
07/17/2013,Z (Dec 13),19.16,19.16,18.75,18.87,18.90,-0.45,7547,0,27972
07/18/2013,Z (Dec 13),18.85,18.90,18.55,18.80,18.80,-0.10,4604,33,27807
07/19/2013,Z (Dec 13),18.80,18.92,18.70,18.72,18.75,-0.05,7786,0,28486
07/22/2013,Z (Dec 13),18.75,18.80,18.45,18.51,18.55,-0.20,3280,0,28665
07/23/2013,Z (Dec 13),18.50,18.60,18.29,18.42,18.45,-0.10,5891,0,29533
07/24/2013,Z (Dec 13),18.28,18.60,18.28,18.40,18.45,0.00,7343,10,31353
07/25/2013,Z (Dec 13),18.50,18.65,18.15,18.22,18.25,-0.20,4869,0,31829
07/26/2013,Z (Dec 13),18.40,18.50,18.05,18.06,18.10,-0.15,4857,0,31488
07/29/2013,Z (Dec 13),18.19,18.30,18.05,18.12,18.15,0.05,4772,33,31632
07/30/2013,Z (Dec 13),18.05,18.17,17.90,17.91,17.95,-0.20,4779,0,32135
07/31/2013,Z (Dec 13),17.94,17.97,17.53,17.63,17.65,-0.30,6212,0,32566
08/01/2013,Z (Dec 13),17.45,17.45,17.20,17.30,17.35,-0.30,8112,0,32605
08/02/2013,Z (Dec 13),17.30,17.33,17.00,17.04,17.05,-0.30,7725,55,32686
08/05/2013,Z (Dec 13),17.04,17.05,16.80,16.82,16.85,-0.20,5644,0,32399
08/06/2013,Z (Dec 13),16.90,17.30,16.82,17.16,17.20,0.35,7669,22,32755
08/07/2013,Z (Dec 13),17.30,17.55,17.19,17.22,17.25,0.05,6744,0,33056
08/08/2013,Z (Dec 13),17.05,17.26,16.93,17.14,17.15,-0.10,7130,0,33967
08/09/2013,Z (Dec 13),17.15,17.35,16.99,17.33,17.35,0.20,5182,22,34131
08/12/2013,Z (Dec 13),17.40,17.55,17.15,17.33,17.35,0.00,5986,0,35415
08/13/2013,Z (Dec 13),17.25,17.52,17.15,17.48,17.50,0.15,5719,0,36496
08/14/2013,Z (Dec 13),17.45,17.75,17.30,17.73,17.75,0.25,7654,0,37228
08/15/2013,Z (Dec 13),17.85,18.20,17.76,18.15,18.15,0.40,17369,54,39050
08/16/2013,Z (Dec 13),18.10,18.15,17.58,17.95,18.00,-0.15,13093,0,40168
08/19/2013,Z (Dec 13),17.95,18.20,17.82,18.17,18.20,0.20,8811,32,40842
08/20/2013,Z (Dec 13),18.15,18.25,17.50,17.91,17.95,-0.25,10925,0,40404
08/21/2013,Z (Dec 13),17.95,18.25,17.42,17.97,18.00,0.05,21231,0,40405
08/22/2013,Z (Dec 13),17.90,17.90,17.35,17.42,17.45,-0.55,11813,0,39985
08/23/2013,Z (Dec 13),17.38,17.50,17.25,17.32,17.35,-0.10,6910,0,40695
08/26/2013,Z (Dec 13),17.35,17.85,17.00,17.69,17.70,0.35,14127,0,39406
08/27/2013,Z (Dec 13),17.80,18.70,17.80,18.70,18.70,1.00,22171,57,40413
08/28/2013,Z (Dec 13),18.70,18.91,18.23,18.69,18.70,0.00,12615,0,40731
08/29/2013,Z (Dec 13),18.55,18.90,18.35,18.78,18.80,0.10,11687,0,41139
08/30/2013,Z (Dec 13),18.70,19.20,18.70,18.93,18.95,0.15,14859,0,40844
09/03/2013,Z (Dec 13),18.70,18.75,18.20,18.46,18.50,-0.45,15875,22,42050
09/04/2013,Z (Dec 13),18.53,18.65,18.30,18.32,18.35,-0.15,9048,0,42251
09/05/2013,Z (Dec 13),18.35,18.48,18.20,18.32,18.35,0.00,6633,0,42255
09/06/2013,Z (Dec 13),18.25,18.85,18.00,18.40,18.45,0.10,15165,0,42510
09/09/2013,Z (Dec 13),18.30,18.40,17.78,17.88,17.90,-0.55,8529,46,43336
09/10/2013,Z (Dec 13),17.65,17.69,17.35,17.36,17.40,-0.50,9943,40,43178
09/11/2013,Z (Dec 13),17.40,17.46,16.90,17.02,17.05,-0.35,13053,0,44519
09/12/2013,Z (Dec 13),17.00,17.32,16.82,17.13,17.15,0.10,8611,13,45820
09/13/2013,Z (Dec 13),17.15,17.29,16.85,17.06,17.10,-0.05,13058,4,46240
09/16/2013,Z (Dec 13),16.80,17.03,16.60,16.87,16.90,-0.20,12924,0,48058
09/17/2013,Z (Dec 13),16.90,16.90,16.65,16.77,16.80,-0.10,10277,2,50522
09/18/2013,Z (Dec 13),16.80,16.96,16.28,16.37,16.40,-0.40,16835,0,49493
09/19/2013,Z (Dec 13),16.31,16.70,16.27,16.52,16.55,0.15,17679,0,52428
09/20/2013,Z (Dec 13),16.54,16.90,16.40,16.75,16.80,0.25,20696,0,51257
09/23/2013,Z (Dec 13),16.85,17.19,16.67,17.01,17.05,0.25,17238,0,49690
09/24/2013,Z (Dec 13),17.00,17.05,16.60,16.80,16.85,-0.20,15362,0,50166
09/25/2013,Z (Dec 13),16.95,17.05,16.70,16.81,16.85,0.00,14542,0,49481
09/26/2013,Z (Dec 13),16.71,16.78,16.45,16.50,16.55,-0.30,16104,0,49015
09/27/2013,Z (Dec 13),16.70,17.06,16.55,16.88,16.90,0.35,26163,0,48435
09/30/2013,Z (Dec 13),17.20,17.50,16.95,17.32,17.35,0.45,23461,0,49642
10/01/2013,Z (Dec 13),17.25,17.35,16.75,16.86,16.90,-0.45,18754,0,52208
10/02/2013,Z (Dec 13),17.05,17.30,16.94,17.22,17.25,0.35,21065,0,52438
10/03/2013,Z (Dec 13),17.26,18.00,17.20,17.71,17.75,0.50,32087,0,55089
10/04/2013,Z (Dec 13),17.62,17.92,17.30,17.30,17.35,-0.40,20856,0,57481
10/07/2013,Z (Dec 13),17.85,18.40,17.67,18.26,18.30,0.95,29477,0,57066
10/08/2013,Z (Dec 13),18.25,19.05,18.23,18.93,18.95,0.65,45500,0,56619
10/09/2013,Z (Dec 13),18.85,19.25,18.30,18.82,18.85,-0.10,51070,0,60931
10/10/2013,Z (Dec 13),18.79,18.79,17.25,17.43,17.45,-1.40,35868,0,60883
10/11/2013,Z (Dec 13),17.50,17.50,16.75,16.90,16.95,-0.50,28008,0,63455
10/14/2013,Z (Dec 13),17.30,17.70,16.88,17.17,17.20,0.25,37385,100,66252
10/15/2013,Z (Dec 13),17.17,17.95,16.96,17.61,17.65,0.45,39036,0,68381
10/16/2013,Z (Dec 13),17.60,17.61,16.30,16.53,16.55,-1.10,57166,89,73032
10/17/2013,Z (Dec 13),16.55,16.59,15.55,15.57,15.60,-0.95,54378,188,75932
10/18/2013,Z (Dec 13),15.60,15.75,15.15,15.24,15.25,-0.35,47534,569,78683
10/21/2013,Z (Dec 13),15.30,15.52,15.00,15.48,15.50,0.25,33648,140,77234
10/22/2013,Z (Dec 13),15.40,15.55,15.07,15.52,15.55,0.05,41432,397,81867
10/23/2013,Z (Dec 13),15.80,16.05,15.50,15.53,15.55,0.00,32525,465,83318
10/24/2013,Z (Dec 13),15.35,15.70,15.35,15.43,15.45,-0.10,19206,163,85307
10/25/2013,Z (Dec 13),15.39,15.65,15.35,15.48,15.50,0.05,20476,820,86488
10/28/2013,Z (Dec 13),15.44,15.67,15.40,15.48,15.50,0.00,21867,303,88098
10/29/2013,Z (Dec 13),15.50,15.68,15.45,15.49,15.50,0.00,25561,608,88322
10/30/2013,Z (Dec 13),15.47,15.83,15.40,15.54,15.55,0.05,38778,221,92089
10/31/2013,Z (Dec 13),15.55,15.72,15.34,15.48,15.50,-0.05,27030,1853,93486
11/01/2013,Z (Dec 13),15.50,15.67,15.35,15.58,15.60,0.10,27512,187,93903
11/04/2013,Z (Dec 13),15.45,15.57,15.05,15.07,15.10,-0.50,27405,1321,101436
11/05/2013,Z (Dec 13),15.10,15.35,15.05,15.18,15.20,0.10,26712,1192,105769
11/06/2013,Z (Dec 13),15.20,15.20,14.90,14.92,14.95,-0.25,29745,364,112076
11/07/2013,Z (Dec 13),14.90,15.55,14.75,15.38,15.40,0.45,46975,0,116967
11/08/2013,Z (Dec 13),15.35,15.50,14.79,14.82,14.85,-0.55,42705,400,122935
11/11/2013,Z (Dec 13),15.00,15.00,14.70,14.73,14.75,-0.10,29554,380,129346
11/12/2013,Z (Dec 13),14.75,14.95,14.70,14.79,14.80,0.05,33542,920,135934
11/13/2013,Z (Dec 13),14.75,15.05,14.60,14.62,14.65,-0.15,50336,1067,147195
11/14/2013,Z (Dec 13),14.65,14.75,14.50,14.58,14.60,-0.05,38891,544,158571
11/15/2013,Z (Dec 13),14.55,14.60,14.30,14.32,14.35,-0.25,53765,406,174382
11/18/2013,Z (Dec 13),14.30,14.45,14.00,14.29,14.30,-0.05,57640,833,187559
11/19/2013,Z (Dec 13),14.30,14.73,14.20,14.48,14.50,0.20,62362,0,196291
11/20/2013,Z (Dec 13),14.50,14.75,13.95,14.13,14.15,-0.35,117265,1184,198777
11/21/2013,Z (Dec 13),14.13,14.30,13.60,13.68,13.70,-0.45,95218,911,204187
11/22/2013,Z (Dec 13),13.70,13.80,13.55,13.58,13.60,-0.10,40885,427,198656
11/25/2013,Z (Dec 13),13.50,13.75,13.40,13.62,13.65,0.05,38906,0,198187
11/26/2013,Z (Dec 13),13.65,13.80,13.55,13.74,13.75,0.10,42556,785,191579
11/27/2013,Z (Dec 13),13.70,13.85,13.65,13.85,13.85,0.10,32227,653,181407
11/29/2013,Z (Dec 13),13.80,14.00,13.60,13.93,13.95,0.10,26265,0,174765
12/02/2013,Z (Dec 13),13.95,14.30,13.90,14.29,14.30,0.35,52078,0,166614
12/03/2013,Z (Dec 13),14.25,15.02,14.20,14.62,14.65,0.35,84114,1455,146608
12/04/2013,Z (Dec 13),14.60,15.15,14.20,14.23,14.25,-0.40,87677,0,146158
12/05/2013,Z (Dec 13),14.25,14.60,14.12,14.53,14.55,0.30,61001,1982,138552
12/06/2013,Z (Dec 13),14.55,14.56,13.75,13.95,13.95,-0.60,52369,0,126894
12/09/2013,Z (Dec 13),13.90,13.95,13.70,13.74,13.75,-0.20,45191,0,120054
12/10/2013,Z (Dec 13),13.75,13.95,13.60,13.93,13.95,0.20,49197,249,114586
12/11/2013,Z (Dec 13),13.85,15.00,13.80,14.88,14.90,0.95,91502,0,97468
12/12/2013,Z (Dec 13),14.90,15.85,14.43,15.38,15.40,0.50,112355,11,71901
12/13/2013,Z (Dec 13),15.40,15.59,14.95,15.48,15.50,0.10,49004,0,59737
12/16/2013,Z (Dec 13),15.70,15.90,14.99,15.87,15.90,0.40,74125,0,50945
12/17/2013,Z (Dec 13),15.88,16.40,15.73,16.23,16.25,0.35,56787,0,33108
12/18/2013,Z (Dec 13),0.00,0.00,0.00,0.00,15.84,-0.41,0,0,25127
