CFE data is compiled for the convenience of site visitors and is furnished without responsibility for accuracy and is accepted by the site visitor on the condition that transmission or omissions shall not be made the basis for any claim demand or cause for action. The information and data was obtained from sources believed to be reliable but accuracy is not guaranteed. Your use of CFE data is subject to the Terms and Conditions of CBOE's Websites.
Trade Date,Futures,Open,High,Low,Close,Settle,Change,Total Volume,EFP,Open Interest
10/21/2013,N (Jul 14),0.00,19.10,19.35,0.00,19.20,19.20,0,0,0
10/22/2013,N (Jul 14),19.10,19.20,19.05,19.20,19.50,0.30,13,0,10
10/23/2013,N (Jul 14),19.40,19.50,19.38,19.46,19.45,-0.05,329,0,351
10/24/2013,N (Jul 14),19.40,19.41,19.33,19.33,19.35,-0.10,52,0,217
10/25/2013,N (Jul 14),19.31,19.49,16.43,19.49,19.50,0.15,57,0,238
10/28/2013,N (Jul 14),19.55,19.60,19.45,19.50,19.50,0.00,212,0,398
10/29/2013,N (Jul 14),19.50,19.62,19.48,19.58,19.60,0.10,169,0,562
10/30/2013,N (Jul 14),19.55,19.73,19.45,19.70,19.70,0.10,494,0,891
10/31/2013,N (Jul 14),19.55,19.60,19.50,19.59,19.65,-0.05,367,0,1255
11/01/2013,N (Jul 14),19.55,19.75,19.55,19.75,19.75,0.10,182,0,1509
11/04/2013,N (Jul 14),19.60,19.67,19.58,19.65,19.55,-0.20,99,0,1564
11/05/2013,N (Jul 14),19.62,19.67,19.57,19.66,19.65,0.10,80,0,1035
11/06/2013,N (Jul 14),19.50,19.58,19.48,19.48,19.55,-0.10,146,0,1107
11/07/2013,N (Jul 14),19.40,19.82,19.40,19.77,19.80,0.25,155,0,1095
11/08/2013,N (Jul 14),19.65,19.79,19.40,19.40,19.45,-0.35,381,0,1527
11/11/2013,N (Jul 14),19.47,19.60,19.45,19.55,19.50,0.05,86,0,1454
11/12/2013,N (Jul 14),19.55,19.66,19.50,19.66,19.65,0.15,17,0,1297
11/13/2013,N (Jul 14),19.65,19.75,19.60,19.75,19.75,0.10,690,0,1951
11/14/2013,N (Jul 14),19.65,19.82,19.64,19.82,19.80,0.05,152,0,1713
11/15/2013,N (Jul 14),19.90,19.90,19.68,19.80,19.80,0.00,459,0,1987
11/18/2013,N (Jul 14),19.70,19.85,19.65,19.74,19.75,-0.05,373,0,2187
11/19/2013,N (Jul 14),19.70,19.85,19.64,19.75,19.75,0.00,646,0,2426
11/20/2013,N (Jul 14),19.70,19.80,19.47,19.60,19.60,-0.15,362,0,2604
11/21/2013,N (Jul 14),19.10,20.70,19.10,19.25,19.25,-0.35,249,0,2532
11/22/2013,N (Jul 14),19.30,19.31,19.03,19.05,19.10,-0.15,400,0,2586
11/25/2013,N (Jul 14),19.00,19.15,18.96,19.10,19.05,-0.05,413,0,2610
11/26/2013,N (Jul 14),19.05,19.17,18.90,19.15,19.15,0.10,238,0,2644
11/27/2013,N (Jul 14),19.06,19.15,19.03,19.09,19.15,0.00,111,0,2642
11/29/2013,N (Jul 14),18.45,19.10,18.45,19.10,19.15,0.00,22,0,2649
12/02/2013,N (Jul 14),18.95,19.06,18.95,19.05,19.10,-0.05,779,0,2807
12/03/2013,N (Jul 14),19.05,19.24,18.95,19.10,19.05,-0.05,785,0,3113
12/04/2013,N (Jul 14),19.03,19.15,18.85,18.88,18.90,-0.15,712,0,3204
12/05/2013,N (Jul 14),18.90,18.92,18.73,18.83,18.85,-0.05,1352,0,3617
12/06/2013,N (Jul 14),18.75,18.79,18.55,18.62,18.60,-0.25,246,0,3668
12/09/2013,N (Jul 14),18.40,18.45,18.29,18.38,18.40,-0.20,88,0,3683
12/10/2013,N (Jul 14),18.30,18.45,18.30,18.35,18.40,0.00,105,0,3702
12/11/2013,N (Jul 14),18.35,18.90,18.30,18.85,18.85,0.45,347,0,3840
12/12/2013,N (Jul 14),18.75,18.95,18.56,18.95,18.95,0.10,1041,0,4106
12/13/2013,N (Jul 14),18.90,18.97,18.65,18.83,18.90,-0.05,509,0,3992
12/16/2013,N (Jul 14),18.75,18.95,18.60,18.95,18.95,0.05,3254,0,4811
12/17/2013,N (Jul 14),18.93,18.98,18.68,18.75,18.80,-0.15,1636,0,5647
12/18/2013,N (Jul 14),18.75,18.80,18.15,18.28,18.30,-0.50,2547,0,6435
12/19/2013,N (Jul 14),18.20,18.50,18.15,18.43,18.45,0.15,1045,3,6732
12/20/2013,N (Jul 14),18.30,18.50,18.30,18.39,18.40,-0.05,1300,0,6937
12/23/2013,N (Jul 14),18.30,18.32,18.03,18.11,18.15,-0.25,1590,0,7546
12/24/2013,N (Jul 14),18.05,18.05,17.70,17.75,17.75,-0.40,622,0,7740
12/26/2013,N (Jul 14),17.89,17.90,17.55,17.72,17.75,0.00,1031,0,7970
12/27/2013,N (Jul 14),17.60,17.85,17.60,17.78,17.80,0.05,1333,0,8099
12/30/2013,N (Jul 14),17.75,17.95,17.70,17.93,17.95,0.15,976,10,8433
12/31/2013,N (Jul 14),17.85,17.90,17.64,17.66,17.70,-0.25,1587,45,8825
01/02/2014,N (Jul 14),17.70,17.95,17.65,17.94,17.95,0.25,2337,0,9330
01/03/2014,N (Jul 14),17.95,17.96,17.75,17.87,17.90,-0.05,1129,0,9543
01/06/2014,N (Jul 14),17.70,17.73,17.44,17.67,17.70,-0.20,1795,0,9887
01/07/2014,N (Jul 14),17.65,17.65,17.35,17.37,17.40,-0.30,2060,11,10666
01/08/2014,N (Jul 14),17.35,17.45,17.25,17.34,17.35,-0.05,2247,0,10558
01/09/2014,N (Jul 14),17.35,17.50,17.23,17.41,17.45,0.10,1775,0,10911
01/10/2014,N (Jul 14),17.45,17.47,17.25,17.31,17.35,-0.10,1899,27,11193
01/13/2014,N (Jul 14),17.25,17.85,17.25,17.65,17.65,0.30,3515,0,11379
01/14/2014,N (Jul 14),17.60,17.60,17.45,17.53,17.55,-0.10,1934,0,11804
01/15/2014,N (Jul 14),17.50,17.70,17.45,17.62,17.65,0.10,2507,24,11916
01/16/2014,N (Jul 14),17.59,17.71,17.45,17.62,17.65,0.00,2179,0,12131
01/17/2014,N (Jul 14),17.61,17.78,17.60,17.72,17.75,0.10,2287,0,12484
01/21/2014,N (Jul 14),17.75,17.89,17.50,17.63,17.65,-0.10,3913,0,13323
01/22/2014,N (Jul 14),17.65,17.65,17.20,17.23,17.25,-0.40,4120,0,13620
01/23/2014,N (Jul 14),17.21,17.55,17.20,17.38,17.40,0.15,5785,19,14912
01/24/2014,N (Jul 14),17.40,18.20,17.34,18.17,18.20,0.80,14670,127,17475
01/27/2014,N (Jul 14),18.05,18.38,17.45,18.05,18.10,-0.10,11441,0,18682
01/28/2014,N (Jul 14),18.23,18.23,17.40,17.61,17.65,-0.45,7963,0,20246
01/29/2014,N (Jul 14),17.55,18.00,17.34,17.89,17.90,0.25,11086,0,19691
01/30/2014,N (Jul 14),17.92,18.10,17.50,18.06,18.10,0.20,8759,46,19579
01/31/2014,N (Jul 14),17.95,18.57,17.85,18.18,18.20,0.10,10228,167,19267
02/03/2014,N (Jul 14),18.20,18.95,18.05,18.91,18.95,0.75,13053,0,21014
02/04/2014,N (Jul 14),19.05,19.10,18.57,19.07,19.10,0.15,8765,90,20776
02/05/2014,N (Jul 14),19.05,19.55,18.85,19.50,19.55,0.45,11330,105,22343
02/06/2014,N (Jul 14),19.60,19.60,18.50,18.52,18.55,-1.00,9474,220,22457
02/07/2014,N (Jul 14),18.55,18.82,17.75,17.85,17.85,-0.70,8793,0,21771
02/10/2014,N (Jul 14),17.85,17.96,17.55,17.77,17.80,-0.05,6228,0,22552
02/11/2014,N (Jul 14),17.75,17.75,17.35,17.38,17.40,-0.40,5259,0,22566
02/12/2014,N (Jul 14),17.40,17.64,17.18,17.37,17.40,0.00,4610,0,23179
02/13/2014,N (Jul 14),17.37,17.60,17.12,17.22,17.25,-0.15,6481,0,23117
02/14/2014,N (Jul 14),17.23,17.30,17.05,17.18,17.20,-0.05,5840,0,23567
02/18/2014,N (Jul 14),17.20,17.25,16.85,16.90,16.90,-0.30,7472,0,24749
02/19/2014,N (Jul 14),16.86,17.50,16.80,17.28,17.30,0.40,10431,0,26275
02/20/2014,N (Jul 14),17.30,17.52,17.00,17.06,17.10,-0.20,6964,0,26618
02/21/2014,N (Jul 14),17.00,17.20,16.86,17.06,17.10,0.00,6678,54,27425
02/24/2014,N (Jul 14),17.10,17.15,16.90,17.08,17.10,0.00,4656,0,28417
02/25/2014,N (Jul 14),17.05,17.26,17.00,17.02,17.05,-0.05,4770,0,29138
02/26/2014,N (Jul 14),17.05,17.49,16.95,17.31,17.35,0.30,11523,0,31324
02/27/2014,N (Jul 14),17.40,17.54,17.28,17.38,17.40,0.05,6415,0,31429
02/28/2014,N (Jul 14),17.37,17.73,17.27,17.48,17.50,0.10,11440,36,31619
03/03/2014,N (Jul 14),17.75,18.16,17.75,17.93,17.95,0.45,14227,0,29775
03/04/2014,N (Jul 14),17.95,17.95,17.30,17.46,17.50,-0.45,11105,0,31439
03/05/2014,N (Jul 14),17.52,17.60,17.35,17.50,17.50,0.00,7952,0,31178
03/06/2014,N (Jul 14),17.45,17.55,17.30,17.38,17.40,-0.10,7268,0,30962
03/07/2014,N (Jul 14),17.40,17.65,17.18,17.52,17.55,0.15,9154,0,30692
03/10/2014,N (Jul 14),17.60,17.75,17.40,17.53,17.55,0.00,9084,18,31040
03/11/2014,N (Jul 14),17.50,17.80,17.48,17.67,17.70,0.15,9045,0,31388
03/12/2014,N (Jul 14),17.70,17.93,17.60,17.68,17.70,0.00,11331,0,32320
03/13/2014,N (Jul 14),17.67,18.08,17.55,17.92,17.95,0.25,15482,0,31603
03/14/2014,N (Jul 14),17.95,18.25,17.76,18.02,18.05,0.10,23144,245,31993
03/17/2014,N (Jul 14),17.90,18.12,17.40,17.42,17.45,-0.60,12876,0,31976
03/18/2014,N (Jul 14),17.45,17.60,17.10,17.28,17.30,-0.15,12666,42,32016
03/19/2014,N (Jul 14),17.25,17.80,17.16,17.38,17.40,0.10,13111,0,31979
03/20/2014,N (Jul 14),17.37,17.50,17.09,17.15,17.20,-0.20,9017,0,31427
03/21/2014,N (Jul 14),17.17,17.50,17.10,17.35,17.40,0.20,11654,0,32272
03/24/2014,N (Jul 14),17.33,17.59,17.18,17.35,17.40,0.00,8891,0,32436
03/25/2014,N (Jul 14),17.35,17.50,17.22,17.35,17.40,0.00,11687,0,33579
03/26/2014,N (Jul 14),17.37,17.69,17.20,17.60,17.65,0.25,9217,0,33957
03/27/2014,N (Jul 14),17.59,17.70,17.40,17.45,17.50,-0.15,8077,0,33273
03/28/2014,N (Jul 14),17.45,17.48,17.20,17.35,17.35,-0.15,9005,0,34723
03/31/2014,N (Jul 14),17.30,17.30,16.90,16.90,16.95,-0.40,8469,0,35591
04/01/2014,N (Jul 14),16.90,16.90,16.50,16.60,16.60,-0.35,9334,0,35814
04/02/2014,N (Jul 14),16.60,16.75,16.50,16.70,16.75,0.15,9887,0,36639
04/03/2014,N (Jul 14),16.70,16.80,16.50,16.55,16.55,-0.20,6279,0,36260
04/04/2014,N (Jul 14),16.55,16.88,16.34,16.80,16.80,0.25,11657,18,35803
04/07/2014,N (Jul 14),16.85,17.12,16.77,16.90,16.95,0.15,13905,0,35564
04/08/2014,N (Jul 14),16.90,16.95,16.60,16.75,16.75,-0.20,10520,0,36433
04/09/2014,N (Jul 14),16.75,16.81,16.45,16.60,16.60,-0.15,14914,0,37170
04/10/2014,N (Jul 14),16.55,17.10,16.49,16.98,17.00,0.40,20528,0,38695
04/11/2014,N (Jul 14),17.00,17.25,16.85,17.15,17.20,0.20,24712,16,40646
04/14/2014,N (Jul 14),17.19,17.38,16.90,17.25,17.25,0.05,14817,2,41012
04/15/2014,N (Jul 14),17.25,17.68,16.95,17.10,17.15,-0.10,25174,0,42626
04/16/2014,N (Jul 14),17.10,17.13,16.60,16.75,16.80,-0.35,14522,0,43417
04/17/2014,N (Jul 14),16.80,16.88,16.55,16.65,16.70,-0.10,15970,0,42540
04/21/2014,N (Jul 14),16.65,16.68,16.50,16.65,16.65,-0.05,11291,0,43428
04/22/2014,N (Jul 14),16.65,16.65,16.45,16.45,16.50,-0.15,16151,0,44093
04/23/2014,N (Jul 14),16.50,16.68,16.40,16.45,16.45,-0.05,11428,0,44779
04/24/2014,N (Jul 14),16.41,16.67,16.30,16.55,16.55,0.10,13158,0,44363
04/25/2014,N (Jul 14),16.58,16.90,16.51,16.65,16.65,0.10,11235,0,44612
04/28/2014,N (Jul 14),16.69,16.80,16.35,16.35,16.40,-0.25,10004,0,44535
04/29/2014,N (Jul 14),16.39,16.43,16.20,16.20,16.20,-0.20,9659,0,44300
04/30/2014,N (Jul 14),16.22,16.33,16.13,16.23,16.25,0.05,13265,0,43954
05/01/2014,N (Jul 14),16.25,16.35,16.13,16.20,16.20,-0.05,10212,0,44515
05/02/2014,N (Jul 14),16.20,16.40,15.95,16.30,16.30,0.10,11468,0,45635
05/05/2014,N (Jul 14),16.35,16.53,16.05,16.05,16.10,-0.20,13104,0,46515
05/06/2014,N (Jul 14),16.09,16.29,16.00,16.29,16.30,0.20,13356,0,46418
05/07/2014,N (Jul 14),16.28,16.35,15.95,15.98,16.00,-0.30,17466,0,46403
05/08/2014,N (Jul 14),16.00,16.08,15.70,16.00,16.00,0.00,16349,0,45759
05/09/2014,N (Jul 14),16.00,16.10,15.70,15.75,15.75,-0.25,14048,0,46252
05/12/2014,N (Jul 14),15.72,15.75,15.38,15.40,15.45,-0.30,13479,0,46356
05/13/2014,N (Jul 14),15.45,15.55,15.35,15.45,15.50,0.05,13433,0,48214
05/14/2014,N (Jul 14),15.50,15.60,15.40,15.45,15.45,-0.05,18139,0,48337
05/15/2014,N (Jul 14),15.46,15.83,15.40,15.55,15.55,0.10,32452,0,50121
05/16/2014,N (Jul 14),15.50,15.67,15.25,15.35,15.40,-0.15,18401,0,51466
05/19/2014,N (Jul 14),15.35,15.45,15.05,15.09,15.10,-0.30,20899,0,55161
05/20/2014,N (Jul 14),15.10,15.35,15.00,15.15,15.15,0.05,30736,0,59610
05/21/2014,N (Jul 14),15.20,15.20,14.85,15.00,15.05,-0.10,35876,0,66207
05/22/2014,N (Jul 14),15.04,15.10,14.85,15.05,15.10,0.05,30673,0,70919
05/23/2014,N (Jul 14),15.05,15.07,14.95,15.00,15.05,-0.05,17987,0,75876
05/27/2014,N (Jul 14),15.05,15.05,14.60,14.61,14.65,-0.40,33189,169,81499
05/28/2014,N (Jul 14),14.64,14.78,14.54,14.70,14.75,0.10,33668,0,86851
05/29/2014,N (Jul 14),14.73,14.80,14.55,14.65,14.70,-0.05,31122,0,94184
05/30/2014,N (Jul 14),14.65,14.85,14.65,14.75,14.80,0.10,30955,0,101866
06/02/2014,N (Jul 14),14.75,14.88,14.65,14.70,14.75,-0.05,35456,0,110655
06/03/2014,N (Jul 14),14.71,14.85,14.60,14.71,14.75,0.00,36957,0,119810
06/04/2014,N (Jul 14),14.70,14.80,14.40,14.50,14.55,-0.20,43374,396,125543
06/05/2014,N (Jul 14),14.50,14.66,14.00,14.00,14.05,-0.50,67439,0,141760
06/06/2014,N (Jul 14),14.00,14.05,13.25,13.25,13.30,-0.75,84484,703,143223
06/09/2014,N (Jul 14),13.30,13.50,13.10,13.45,13.45,0.15,51625,0,146406
06/10/2014,N (Jul 14),13.45,13.67,13.20,13.24,13.25,-0.20,44268,0,152687
06/11/2014,N (Jul 14),13.20,13.70,13.20,13.48,13.50,0.25,61206,0,161886
06/12/2014,N (Jul 14),13.50,14.35,13.35,14.12,14.15,0.65,103723,0,181436
06/13/2014,N (Jul 14),14.15,14.30,13.70,13.80,13.80,-0.35,80309,0,194333
06/16/2014,N (Jul 14),13.85,14.12,13.65,13.75,13.80,0.00,60183,0,203095
06/17/2014,N (Jul 14),13.76,13.85,13.30,13.44,13.45,-0.35,97033,0,210226
06/18/2014,N (Jul 14),13.43,13.50,12.60,12.65,12.70,-0.75,110906,435,216151
06/19/2014,N (Jul 14),12.65,12.80,12.45,12.79,12.80,0.10,67203,368,211361
06/20/2014,N (Jul 14),12.80,12.95,12.55,12.90,12.90,0.10,54191,538,208365
06/23/2014,N (Jul 14),12.91,12.97,12.50,12.55,12.60,-0.30,66646,1964,202097
06/24/2014,N (Jul 14),12.60,13.20,12.45,13.05,13.10,0.50,85560,385,194364
06/25/2014,N (Jul 14),13.05,13.35,12.50,12.62,12.65,-0.45,82266,0,188828
06/26/2014,N (Jul 14),12.65,13.10,12.45,12.75,12.75,0.10,76333,0,182933
06/27/2014,N (Jul 14),12.75,12.95,12.50,12.60,12.65,-0.10,48904,0,174871
06/30/2014,N (Jul 14),12.65,12.70,12.30,12.45,12.45,-0.20,56247,0,170228
07/01/2014,N (Jul 14),12.45,12.50,11.95,12.10,12.10,-0.35,68520,0,166450
07/02/2014,N (Jul 14),12.10,12.15,11.80,11.95,11.95,-0.15,48123,0,159054
07/03/2014,N (Jul 14),11.91,12.00,11.65,11.80,11.80,-0.15,42840,473,156985
07/07/2014,N (Jul 14),11.75,12.20,11.70,12.10,12.15,0.35,54064,0,148269
07/08/2014,N (Jul 14),12.15,12.75,12.10,12.35,12.40,0.25,96004,0,133493
07/09/2014,N (Jul 14),12.35,12.40,12.05,12.25,12.25,-0.15,84736,0,115829
07/10/2014,N (Jul 14),12.20,13.35,12.20,13.00,13.00,0.75,112652,200,96283
07/11/2014,N (Jul 14),12.95,13.00,12.55,12.65,12.65,-0.35,68686,0,74966
07/14/2014,N (Jul 14),12.55,12.55,11.80,12.05,12.05,-0.60,58333,36,56561
07/15/2014,N (Jul 14),12.03,12.52,11.78,12.20,12.20,0.15,81456,0,39553
07/16/2014,N (Jul 14),0.00,0.00,0.00,0.00,11.03,-1.17,0,0,32194
